1.07e+02 	8 	200000 	1.04e+02 	8 	200000 	1.08e+02 	8 	200000 	1.08e+02 	8 	200000 	1.11e+02 	8 	200000  1.08e+02 	8 	200000
1.02e+02 	4 	200000 	1.02e+02 	4 	200000 	1.01e+02 	4 	200000 	9.97e+01 	4 	200000 	1.03e+02 	4 	200000 	1.00e+02 	4 	200000
1.03e+02 	2 	200000 	1.11e+02 	2 	200000 	1.10e+02 	2 	200000 	1.10e+02 	2 	200000 	1.08e+02 	2 	200000	1.08e+02 	2 	200000 	 		
6.23e+01 	8 	150000 	6.07e+01 	8 	150000 	6.05e+01 	8 	150000 	6.07e+01 	8 	150000 	6.12e+01 	8 	150000 	6.07e+01 	8 	150000
5.77e+01 	4 	150000 	5.64e+01 	4 	150000 	5.67e+01 	4 	150000 	5.69e+01 	4 	150000 	5.77e+01 	4 	150000 	5.70e+01 	4 	150000
6.20e+01 	2 	150000 	6.08e+01 	2 	150000 	6.08e+01 	2 	150000 	6.04e+01 	2 	150000 	5.78e+01 	2 	150000 	6.16e+01 	2 	150000	
3.76e+01 	8 	120000 	3.83e+01 	8 	120000 	3.88e+01 	8 	120000 	3.63e+01 	8 	120000 	3.71e+01 	8 	120000 	3.94e+01 	8 	120000 	
3.50e+01 	4 	120000 	3.63e+01 	4 	120000 	3.69e+01 	4 	120000 	3.62e+01 	4 	120000 	3.59e+01 	4 	120000 	3.66e+01 	4 	120000 	
3.97e+01 	2 	120000 	3.92e+01 	2 	120000 	3.74e+01 	2 	120000 	3.95e+01 	2 	120000 	3.87e+01 	2 	120000 	3.85e+01 	2 	120000 	
2.73e+01 	8 	100000 	2.73e+01 	8 	100000 	2.58e+01 	8 	100000 	2.64e+01 	8 	100000 	2.57e+01 	8 	100000 	2.68e+01 	8 	100000 	
2.50e+01 	4 	100000 	2.44e+01 	4 	100000 	2.68e+01 	4 	100000 	2.52e+01 	4 	100000 	2.48e+01 	4 	100000 	2.54e+01 	4 	100000 	
2.64e+01 	2 	100000 	2.73e+01 	2 	100000 	2.74e+01 	2 	100000 	2.74e+01 	2 	100000 	2.69e+01 	2 	100000 	2.74e+01 	2 	100000 